grid original 
10 18
1 1 1 1 1 1 1 1 1 1 1 1 1 1 1 1 1 1
1 0 0 0 1 0 1 0 0 1 0 0 0 1 0 1 0 1
1 0 0 0 1 0 0 0 0 1 0 0 0 1 0 0 0 1
1 0 0 0 1 1 0 0 1 1 0 0 0 1 1 0 0 1
1 1 1 1 1 1 1 1 1 1 1 1 0 1 1 1 0 1
1 0 1 0 1 0 0 0 1 1 0 1 0 1 0 0 0 1
1 0 0 0 0 0 0 0 1 1 0 0 0 0 0 0 0 1
1 1 0 1 0 1 1 0 1 1 1 0 1 0 1 1 0 1
1 0 0 0 0 0 0 0 1 1 0 0 0 0 0 0 0 1
1 1 1 1 1 1 1 1 1 1 1 1 1 1 1 1 1 1

tabla de sah goala
8 8
0 0 0 0 0 0 0 0
0 0 0 0 0 0 0 0
0 0 0 0 0 0 0 0
0 0 0 0 0 0 0 0
0 0 0 0 0 0 0 0
0 0 0 0 0 0 0 0
0 0 0 0 0 0 0 0
0 0 0 0 0 0 0 0

tabla din care calul nu poate ajunge peste tot 
2 7
0 0
0 0
0 0
0 0
0 0
0 0
0 0